400
1.000000000000000 1.000000000000000 0.000000000000000
0.999938921194893 0.999969157644790 0.000030236449896
0.999816779249232 0.999876632481661 0.000059853232429
0.999633593827824 0.999722430218001 0.000088836390177
0.999389388599111 0.999506560365731 0.000117171766621
0.999084191238380 0.999229036240723 0.000144845002343
0.998718033430830 0.998889874961970 0.000171841531140
0.998290950874475 0.998489097450538 0.000198146576062
0.997802983282904 0.998026728428271 0.000223745145368
0.997254174387881 0.997502796416270 0.000248622028389
0.996644571941806 0.996917333733128 0.000272761791322
0.995974227720024 0.996270376492941 0.000296148772917
0.995243197522988 0.995561964603079 0.000318767080092
0.994451541178283 0.994792141761726 0.000340600583443
0.993599322542504 0.993960955455179 0.000361632912674
0.992686609503003 0.993068456954925 0.000381847451923
0.991713473979484 0.992114701314477 0.000401227334992
0.990679991925484 0.991099747365974 0.000419755440490
0.989586243329698 0.990023657716556 0.000437414386858
0.988432312217195 0.988886498744503 0.000454186527308
0.987218286650488 0.987688340595136 0.000470053944649
0.985944258730489 0.986429257176494 0.000484998446005
0.984610324597337 0.985109326154772 0.000499001557435
0.983216584431101 0.983728628949534 0.000512044518433
0.981763142452371 0.982287250728686 0.000524108276315
0.980250106922726 0.980785280403228 0.000535173480502
0.978677590145094 0.979222810621763 0.000545220476669
0.977045708463994 0.977599937764788 0.000554229300794
0.975354582265677 0.975916761938744 0.000562179673067
0.973604335978157 0.974173386969846 0.000569050991688
0.971795098071141 0.972369920397673 0.000574822326532
0.969927001055854 0.970506473468539 0.000579472412685
0.968000181484774 0.968583161128627 0.000582979643853
0.966014779951271 0.966600102016903 0.000585322065632
0.963970941089152 0.964557418457793 0.000586477368642
0.961868813572118 0.962455236453642 0.000586422881525
0.959708550113143 0.960293685676938 0.000585135563795
0.957490307463764 0.958072899462314 0.000582591998550
0.955214246413296 0.955793014798324 0.000578768385029
0.952880531787973 0.953454172318995 0.000573640531022
0.950489332450018 0.951056516295147 0.000567183845130
0.948040821296642 0.948600194625498 0.000559373328856
0.945535175258984 0.946085358827538 0.000550183568554
0.942972575300989 0.943512164028186 0.000539588727197
0.940353206418225 0.940880768954218 0.000527562535993
0.937677257636654 0.938191335922476 0.000514078285822
0.934944922011352 0.935444030829859 0.000499108818507
0.932156396625182 0.932639023143085 0.000482626517903
0.929311882587427 0.929776485888242 0.000464603300815
0.926411585032391 0.926856595640111 0.000445010607720
0.923455713117962 0.923879532511277 0.000423819393315
0.920444480024148 0.920845480141016 0.000401000116868
0.917378102951595 0.917754625683970 0.000376522732375
0.914256803120078 0.914607159798603 0.000350356678525
0.911080805766982 0.911403276635434 0.000322470868452
0.907850340145776 0.908143173825069 0.000292833679293
0.904565639524475 0.904827052466007 0.000261412941533
0.901226941184106 0.901455117112233 0.000228175928127
0.897834486417183 0.898027575760602 0.000193089343420
0.894388520526181 0.894544639838011 0.000156119311831
0.890889292822036 0.891006524188354 0.000117231366318
0.887337056622659 0.887413447059269 0.000076390436610
0.883732069251479 0.883765630088678 0.000033560837199
0.880074592036015 0.880063298291117 0.000011293744898
0.876364890306482 0.876306680043848 0.000058210262634
0.872603233394448 0.872496007072781 0.000107226321667
0.868789894631531 0.868631514438174 0.000158380193356
0.864925151348150 0.864713440520138 0.000211710828013
0.861009284872345 0.860742027003926 0.000267257868419
0.857042580528647 0.856717518865031 0.000325061663616
0.853025327637040 0.852640164354073 0.000385163282967
0.848957819511983 0.848510214981484 0.000447604530499
0.844840353461531 0.844327925501995 0.000512427959536
0.840673230786535 0.840093553898921 0.000579676887614
0.836456756779956 0.835807361368249 0.000649395411707
0.832191240726266 0.831469612302524 0.000721628423742
0.827876995900976 0.827080574274540 0.000796421626436
0.823514339570273 0.822640518020837 0.000873821549436
0.819103592990791 0.818149717425000 0.000953875565791
0.814645081409509 0.813608449500763 0.001036631908745
0.810139134063792 0.809016994374923 0.001122139688869
0.805586084181585 0.804375635270060 0.001210448911525
0.800986268981756 0.799684658487065 0.001301610494691
0.796340029674608 0.794944353387484 0.001395676287124
0.791647711462562 0.790155012375664 0.001492699086899
0.786909663541024 0.785316930880718 0.001592732660306
0.782126239099430 0.780430407338302 0.001695831761128
0.777297795322503 0.775495743172206 0.001802052150297
0.772424693391704 0.770513242775760 0.001911450615944
0.767507298486902 0.765483213493058 0.002024084993844
0.762545979788272 0.760405965600001 0.002140014188272
0.757541110478416 0.755281812285153 0.002259298193263
0.752493067744733 0.750111069630428 0.002381998114305
0.747402232782042 0.744894056591590 0.002508176190453
0.742268990795460 0.739631094978577 0.002637895816883
0.737093731003552 0.734322509435652 0.002771221567900
0.731876846641768 0.728968627421378 0.002908219220391
0.726618734966165 0.723569779188415 0.003048955777751
0.721319797257431 0.718126297763154 0.003193499494278
0.715980438825223 0.712638518925170 0.003341919900053
0.710601069012826 0.707106781186511 0.003494287826315
0.705182101202147 0.701531425770819 0.003650675431329
0.699723952819055 0.695912796592276 0.003811156226778
0.694227045339069 0.690251240234399 0.003975805104670
0.688691804293425 0.684547105928650 0.004144698364775
0.683118659275517 0.678800745532902 0.004317913742615
0.677508043947724 0.673012513509733 0.004495530437992
0.671860396048653 0.667182766904558 0.004677629144095
0.666176157400784 0.661311865323610 0.004864292077174
0.660455773918552 0.655400170911751 0.005055603006801
0.654699695616872 0.649448048330140 0.005251647286732
0.648908376620110 0.643455864733735 0.005452511886375
0.643082275171529 0.637423989748645 0.005658285422884
0.637221853643214 0.631352795449332 0.005869058193882
0.631327578546491 0.625242656335659 0.006084922210832
0.625399920542859 0.619093949309787 0.006305971233072
0.619439354455440 0.612907053652929 0.006532300802510
0.613446359280972 0.606682351001952 0.006764008279021
0.607421418202356 0.600420225325835 0.007001192876521
0.601365018601764 0.594121062901989 0.007243955699775
0.595277652074337 0.587785252292423 0.007492399781914
0.589159814442484 0.581413184319780 0.007746630122704
0.583012005770787 0.575005252043227 0.008006753727560
0.576834730381551 0.568561850734212 0.008272879647339
0.570628496870987 0.562083377852078 0.008545119018910
0.564393818126076 0.555570233019548 0.008823585106528
0.558131211342102 0.549022817998077 0.009108393344024
0.551841198040889 0.542441536663064 0.009399661377825
0.545524304089762 0.535826794978941 0.009697509110822
0.539181059721237 0.529179000974134 0.010002058747103
0.532811999553462 0.522498564715892 0.010313434837571
0.526417662611443 0.515785898284989 0.010631764326454
0.519998592349050 0.509041415750313 0.010957176598738
0.513555336671844 0.502265533143313 0.011289803528531
0.507088447960727 0.495458668432347 0.011629779528379
0.500598483096455 0.488621241496894 0.011977241599561
0.494086003485013 0.481753674101654 0.012332329383359
0.487551575083890 0.474856389870532 0.012695185213358
0.480995768429267 0.467929814260510 0.013065954168757
0.474419158664144 0.460974374535399 0.013444784128745
0.467822325567419 0.453990499739482 0.013831825827936
0.461205853583960 0.446978620671056 0.014227232912904
0.454570331855673 0.439939169855849 0.014631161999824
0.447916354253601 0.432872581520347 0.015043772733254
0.441244519411075 0.425779291565005 0.015465227846069
0.434555430757941 0.418659737537360 0.015895693220581
0.427849696555891 0.411514358605040 0.016335337950852
0.421127929934916 0.404343595528675 0.016784334406241
0.414390748930913 0.397147890634710 0.017242858296203
0.407638776524472 0.389927687788117 0.017711088736355
0.400872640680867 0.382683432365018 0.018189208315849
0.394092974391280 0.375415571225211 0.018677403166069
0.387300415715280 0.368124552684605 0.019175863030676
0.380495607824601 0.360810826487568 0.019684781337033
0.373679199048223 0.353474843779183 0.020204355269041
0.366851842918812 0.346117057077418 0.020734785841395
0.360014198220529 0.338737920245215 0.021276277975314
0.353166929038244 0.331337888462494 0.021829040575749
0.346310704808193 0.323917418198072 0.022393286610121
0.339446200370101 0.316476967181508 0.022969233188593
0.332574096020804 0.309016994374869 0.023557101645935
0.325695077569407 0.301537959944416 0.024157117624991
0.318809836394010 0.294040325232224 0.024769511161786
0.311919069500031 0.286524552727717 0.025394516772313
0.305023479580166 0.278991106039148 0.026032373541019
0.298123775076027 0.271440449864992 0.026683325211035
0.291220670241470 0.263873049965290 0.027347620276180
0.284314885207684 0.256289373132913 0.028025512074771
0.277407146050051 0.248689887164771 0.028717258885280
0.270498184856823 0.241075060832954 0.029423124023869
0.263588739799662 0.233445363855820 0.030143375943842
0.256679555206072 0.225801266869017 0.030878288337055
0.249771381633771 0.218143241396456 0.031628140237316
0.242864975947036 0.210471759821218 0.032393216125818
0.235961101395071 0.202787295356424 0.033173806038646
0.229060527692434 0.195090322016039 0.033970205676394
0.222164031101571 0.187381314585635 0.034782716515936
0.215272394517499 0.179660748593102 0.035611645924396
0.208386407554678 0.171929100279319 0.036457307275359
0.201506866636131 0.164186846568772 0.037320020067359
0.194634575084840 0.156434465040139 0.038200110044702
0.187770343217487 0.148672433896830 0.039097909320657
0.180914988440565 0.140901231937489 0.040013756503076
0.174069335348930 0.133121338526459 0.040947996822472
0.167234215826831 0.125333233564210 0.041900982262622
0.160410469151472 0.117537397457743 0.042873071693729
0.153598942099158 0.109734311090950 0.043864631008209
0.146800489054085 0.101924455794954 0.044876033259131
0.140015972119813 0.094108313318417 0.045907658801396
0.133246261233498 0.086286365797826 0.046959895435672
0.126492234282916 0.078459095727747 0.048033138555169
0.119754777226356 0.070626985931068 0.049127791295288
0.113034784215430 0.062790519529214 0.050244264686216
0.106333157720862 0.054950179912346 0.051382977808516
0.099650808661316 0.047106450709542 0.052544357951774
0.092988656535329 0.039259815758968 0.053728840776361
0.086347629556400 0.031410759078027 0.054936870478373
0.079728664791320 0.023559764833508 0.056168899957812
0.073132708301786 0.015707317311718 0.057425390990068
0.066560715289380 0.007853900888608 0.058706814400771
0.060013650243974 -0.000000000000103 0.060013650244078
0.053492487095640 -0.007853900888815 0.061346387984455
0.046998209370118 -0.015707317311925 0.062705526682043
0.040531810347931 -0.023559764833715 0.064091575181646
0.034094293227216 -0.031410759078234 0.065505052305450
0.027686671290336 -0.039259815759175 0.066946487049511
0.021309968074362 -0.047106450709749 0.068416418784111
0.014965217545495 -0.054950179912553 0.069915397458048
0.008653464277510 -0.062790519529421 0.071443983806931
0.002375763634300 -0.070626985931275 0.073002749565575
-0.003866818043391 -0.078459095727953 0.074592277684563
-0.010073203246976 -0.086286365798032 0.076213162551056
-0.016242303104673 -0.094108313318624 0.077866010213951
-0.022373017181716 -0.101924455795160 0.079551438613444
-0.028464233276036 -0.109734311091155 0.081270077815119
-0.034514827209328 -0.117537397457948 0.083022570248620
-0.040523662613399 -0.125333233564415 0.084809570951016
-0.046489590711720 -0.133121338526664 0.086631747814944
-0.052411450096071 -0.140901231937694 0.088489781841624
-0.058288066498193 -0.148672433897035 0.090384367398842
-0.064118252556341 -0.156434465040343 0.092316212484002
-0.069900807576638 -0.164186846568976 0.094286038992337
-0.075634517289130 -0.171929100279523 0.096294582990393
-0.081318153598428 -0.179660748593306 0.098342594994878
-0.086950474328847 -0.187381314585838 0.100430840256991
-0.092530222963913 -0.195090322016243 0.102560099052329
-0.098056128380135 -0.202787295356627 0.104731166976492
-0.103526904574936 -0.210471759821421 0.106944855246485
-0.108941250388613 -0.218143241396658 0.109201991008045
-0.114297849220219 -0.225801266869219 0.111503417649000
-0.119595368737244 -0.233445363856021 0.113849995118777
-0.124832460578964 -0.241075060833155 0.116242600254191
-0.130007760053350 -0.248689887164971 0.118682127111621
-0.135119885827396 -0.256289373133113 0.121169487305717
-0.140167439610736 -0.263873049965490 0.123705610354754
-0.145149005832428 -0.271440449865191 0.126291444032763
-0.150063151310762 -0.278991106039346 0.128927954728584
-0.154908424915956 -0.286524552727916 0.131616127811960
-0.159683357225600 -0.294040325232422 0.134356968006822
-0.164386460172705 -0.301537959944614 0.137151499771909
-0.169016226686215 -0.309016994375066 0.140000767688850
-0.173571130323829 -0.316476967181704 0.142905836857875
-0.178049624896978 -0.323917418198268 0.145867793301290
-0.182450144087814 -0.331337888462690 0.148887744374876
-0.186771101058049 -0.338737920245410 0.151966819187361
-0.191010888049474 -0.346117057077612 0.155106169028138
-0.195167875976009 -0.353474843779376 0.158306967803367
-0.199240414007111 -0.360810826487761 0.161570412480650
-0.203226829142368 -0.368124552684797 0.164897723542429
-0.207125425777110 -0.375415571225402 0.168290145448292
-0.210934485258859 -0.382683432365209 0.171748947106351
-0.214652265434433 -0.389927687788308 0.175275422353875
-0.218277000187537 -0.397147890634900 0.178870890447363
-0.221806898966629 -0.404343595528865 0.182536696562235
-0.225240146302894 -0.411514358605229 0.186274212302334
-0.228574901318116 -0.418659737537548 0.190084836219432
-0.231809297222258 -0.425779291565193 0.193969994342935
-0.234941440800546 -0.432872581520534 0.197931140719987
-0.237969411889852 -0.439939169856035 0.201969757966183
-0.240891262844158 -0.446978620671241 0.206087357827083
-0.243705017988907 -0.453990499739667 0.210285481750760
-0.246408673063995 -0.460974374535582 0.214565701471588
-0.249000194655209 -0.467929814260693 0.218929619605484
-0.251477519613867 -0.474856389870714 0.223378870256847
-0.253838554464434 -0.481753674101835 0.227915119637401
-0.256081174799875 -0.488621241497074 0.232540066697199
-0.258203224664520 -0.495458668432527 0.237255443768008
-0.260202515924167 -0.502265533143492 0.242063017219325
-0.262076827623210 -0.509041415750491 0.246964588127281
-0.263823905328500 -0.515785898285167 0.251961992956666
-0.265441460459714 -0.522498564716068 0.257057104256354
-0.266927169605940 -0.529179000974310 0.262251831368369
-0.268278673828226 -0.535826794979115 0.267548121150890
-0.269493577947808 -0.542441536663238 0.272947958715430
-0.270569449819747 -0.549022817998250 0.278453368178504
-0.271503819591676 -0.555570233019721 0.284066413428045
-0.272294178947377 -0.562083377852249 0.289789198904871
-0.272937980334887 -0.568561850734382 0.295623870399495
-0.273432636178825 -0.575005252043396 0.301572615864571
-0.273775518076646 -0.581413184319948 0.307637666243302
-0.273963955978486 -0.587785252292590 0.313821296314104
-0.273995237350301 -0.594121062902156 0.320125825551855
-0.273866606319950 -0.600420225326001 0.326553619006050
-0.273575262805909 -0.606682351002116 0.333107088196207
-0.273118361628256 -0.612907053653092 0.339788692024837
-0.272493011601603 -0.619093949309950 0.346600937708347
-0.271696274609599 -0.625242656335821 0.353546381726222
-0.270725164660659 -0.631352795449493 0.360627630788834
-0.269576646924547 -0.637423989748804 0.367847342824257
-0.268247636749439 -0.643455864733893 0.375208227984455
-0.266734998659076 -0.649448048330298 0.382713049671222
-0.265035545329640 -0.655400170911908 0.390364625582268
-0.263146036545925 -0.661311865323765 0.398165828777840
-0.261063178136429 -0.667182766904713 0.406119588768284
-0.258783620886929 -0.673012513509886 0.414228892622957
-0.256303959432136 -0.678800745533054 0.422496786100918
-0.253620731124996 -0.684547105928800 0.430926374803805
-0.250730414883192 -0.690251240234548 0.439520825351357
-0.247629430012413 -0.695912796592425 0.448283366580012
-0.244314135005934 -0.701531425770966 0.457217290765032
-0.240780826320026 -0.707106781186657 0.466325954866632
-0.237025737124756 -0.712638518925315 0.475612781800559
-0.233045036029664 -0.718126297763298 0.485081261733634
-0.228834825783842 -0.723569779188557 0.494734953404715
-0.224391141949915 -0.728968627421519 0.504577485471604
-0.219709951551404 -0.734322509435793 0.514612557884389
-0.214787151692960 -0.739631094978716 0.524843943285756
-0.209618568152937 -0.744894056591728 0.535275488438791
-0.204199953947752 -0.750111069630565 0.545911115682813
-0.198526987867496 -0.755281812285288 0.556754824417792
-0.192595272982230 -0.760405965600135 0.567810692617905
-0.186400335118374 -0.765483213493192 0.579082878374818
-0.179937621304640 -0.770513242775892 0.590575621471252
-0.173202498186873 -0.775495743172337 0.602293244985464
-0.166190250411227 -0.780430407338431 0.614240156927204
-0.158896078975030 -0.785316930880846 0.626420851905816
-0.151315099544722 -0.790155012375791 0.638839912831068
-0.143442340740220 -0.794944353387609 0.651502012647389
-0.135272742385041 -0.799684658487189 0.664411916102148
-0.126801153721532 -0.804375635270183 0.677574481548651
-0.118022331590508 -0.809016994375045 0.690994662784536
-0.108930938574616 -0.813608449500884 0.704677510926268
-0.099521541104697 -0.818149717425119 0.718628176320422
-0.089788607528444 -0.822640518020955 0.732851910492511
-0.079726506140601 -0.827080574274656 0.747354068134055
-0.069329503173959 -0.831469612302639 0.762140109128679
-0.058591760750380 -0.835807361368363 0.777215600617983
-0.047507334791066 -0.840093553899034 0.792586219107967
-0.036070172885278 -0.844327925502106 0.808257752616828
-0.024274112116687 -0.848510214981594 0.824236102864906
-0.012112876846539 -0.852640164354182 0.840527287507642
0.000419923547228 -0.856717518865138 0.857137442412366
0.013330796975762 -0.860742027004031 0.874072823979793
0.026626370990855 -0.864713440520241 0.891339811511096
0.040313395183173 -0.868631514438277 0.908944909621450
0.054398743628084 -0.872496007072882 0.926894750700966
0.068889417379993 -0.876306680043947 0.945196097423941
0.083792547016156 -0.880063298291215 0.963855845307371
0.099115395230926 -0.883765630088775 0.982881025319702
0.114865359481429 -0.887413447059364 1.002278806540794
0.131049974685665 -0.891006524188448 1.022056498874112
0.147676915974069 -0.894544639838104 1.042221555812173
0.164754001495581 -0.898027575760693 1.062781577256274
0.182289195279277 -0.901455117112323 1.083744312391600
0.200290610152669 -0.904827052466095 1.105117662618764
0.218766510717765 -0.908143173825156 1.126909684542921
0.237725316386030 -0.911403276635519 1.149128593021549
0.257175604473402 -0.914607159798686 1.171782764272088
0.277126113356533 -0.917754625684053 1.194880739040585
0.297585745691453 -0.920845480141097 1.218431225832549
0.318563571695890 -0.923879532511356 1.242443104207246
0.340068832496478 -0.926856595640189 1.266925428136668
0.362110943542137 -0.929776485888319 1.291887429430456
0.384699498084906 -0.932639023143160 1.317338521228066
0.407844270729563 -0.935444030829932 1.343288301559495
0.431555221053377 -0.938191335922548 1.369746556975925
0.455842497297357 -0.940880768954288 1.396723266251645
0.480716440130405 -0.943512164028255 1.424228604158660
0.506187586487801 -0.946085358827605 1.452272945315406
0.532266673485471 -0.948600194625563 1.480866868111034
0.558964642411532 -0.951056516295211 1.510021158706743
0.586292642796614 -0.953454172319058 1.539746815115671
0.614262036564511 -0.955793014798385 1.570055051362896
0.642884402264736 -0.958072899462373 1.600957301727109
0.672171539388577 -0.960293685676996 1.632465225065573
0.702135472770293 -0.962455236453699 1.664590709223992
0.732788457075122 -0.964557418457848 1.697345875532970
0.764142981375795 -0.966600102016956 1.730743083392750
0.796211773819294 -0.968583161128678 1.764794934947973
0.829007806385622 -0.970506473468588 1.799514279854211
0.862544299740383 -0.972369920397721 1.834914220138104
0.896834728183015 -0.974173386969893 1.871008115152908
0.931892824692552 -0.975916761938789 1.907809586631342
0.967732586072818 -0.977599937764831 1.945332523837649
1.004368278199006 -0.979222810621805 1.983591088820811
1.041814441367633 -0.980785280403268 2.022599721770901
1.080085895751884 -0.982287250728725 2.062373146480609
1.119197746964429 -0.983728628949571 2.102926375914000
1.159165391729795 -0.985109326154808 2.144274717884603
1.200004523668468 -0.986429257176528 2.186433780844996
1.241731139194885 -0.987688340595169 2.229419479790053
1.284361543531574 -0.988886498744534 2.273248042276108
1.327912356841702 -0.990023657716585 2.317936014558288
1.372400520482358 -0.991099747366001 2.363500267848360
1.417843303380936 -0.992114701314503 2.409958004695439
1.464258308537030 -0.993068456954950 2.457326765491979
1.511663479652302 -0.993960955455202 2.505624435107503
1.560077107890834 -0.994792141761747 2.554869249652581
1.609517838772518 -0.995561964603099 2.605079803375618
1.660004679202090 -0.996270376492959 2.656275055695048
1.711557004636469 -0.996917333733144 2.708474338369613
1.764194566393125 -0.997502796416284 2.761697362809410
1.817937499102211 -0.998026728428284 2.815964227530496
1.872806328305307 -0.998489097450549 2.871295425755856
1.928821978203636 -0.998889874961980 2.927711853165615
1.986005779558682 -0.999229036240731 2.985234815799413
2.044379477748205 -0.999506560365738 3.043886038113943
2.103965240980690 -0.999722430218005 3.103687671198696
2.164785668671346 -0.999876632481664 3.164662301153010
2.226863799982814 -0.999969157644791 3.226832957627606


eps total: 3.226832957627606
h: 0.007853981633975
